[gd_scene load_steps=5 format=2]

[ext_resource path="res://Assets/Scenes/CollectibleCube.tscn" type="PackedScene" id=1]
[ext_resource path="res://Assets/Scenes/Platforms/Platform.tscn" type="PackedScene" id=2]
[ext_resource path="res://Assets/Scenes/Platforms.tscn" type="PackedScene" id=3]
[ext_resource path="res://Assets/Scenes/Platforms/TrampolinePlatform.tscn" type="PackedScene" id=4]

[node name="Level" type="Spatial"]

[node name="Start" type="Position3D" parent="."]
transform = Transform( 1, 0, 0, 0, 1, 0, 0, 0, 1, -0.282645, 56.6334, 0 )

[node name="Collectibles" type="Spatial" parent="."]

[node name="Collectible1" parent="Collectibles" instance=ExtResource( 1 )]
transform = Transform( 1, 0, 0, 0, 1, 0, 0, 0, 1, 0, 52.795, 8 )

[node name="Collectible2" parent="Collectibles" instance=ExtResource( 1 )]
transform = Transform( 1, 0, 0, 0, 1, 0, 0, 0, 1, 0, 31.0768, 46.2749 )

[node name="Collectible3" parent="Collectibles" instance=ExtResource( 1 )]
transform = Transform( 1, 0, 0, 0, 1, 0, 0, 0, 1, 0, 22.0517, 24.2185 )

[node name="Collectible4" parent="Collectibles" instance=ExtResource( 1 )]
transform = Transform( 1, 0, 0, 0, 1, 0, 0, 0, 1, 0, 6.78194, -0.0516691 )

[node name="Platforms" parent="." instance=ExtResource( 3 )]
platformcolor = Color( 1, 0, 0.607843, 1 )

[node name="Platform1" parent="Platforms" instance=ExtResource( 2 )]
transform = Transform( 1, 0, 0, 0, 0.965926, -0.258819, 0, 0.258819, 0.965926, 0, 52, 2 )

[node name="Platform2" parent="Platforms" instance=ExtResource( 2 )]
transform = Transform( 1, 0, 0, 0, 0.906308, -0.422619, 0, 0.422618, 0.906308, 0, 48.3651, 12 )

[node name="Platform3" parent="Platforms" instance=ExtResource( 2 )]
transform = Transform( 1, 0, 0, 0, 0.819152, -0.573577, 0, 0.573577, 0.819152, 0, 43.2724, 20.8344 )

[node name="Platform4" parent="Platforms" instance=ExtResource( 2 )]
transform = Transform( 1, 0, 0, 0, 0.94364, -0.330976, 0, 0.330976, 0.94364, 0, 38.4568, 30.0357 )

[node name="Platform8" parent="Platforms" instance=ExtResource( 2 )]
transform = Transform( -1, -2.26267e-08, -8.44439e-08, 0, 0.965926, -0.258819, 8.74228e-08, -0.258819, -0.965926, 1.15387e-06, 20.5462, 28.3974 )

[node name="Platform7" parent="Platforms" instance=ExtResource( 2 )]
transform = Transform( -1, -3.69464e-08, -7.9232e-08, 0, 0.906308, -0.422619, 8.74228e-08, -0.422618, -0.906308, 2.79639e-07, 16.9113, 18.3974 )

[node name="Platform6" parent="Platforms" instance=ExtResource( 2 )]
transform = Transform( -1, -5.01437e-08, -7.16125e-08, 0, 0.819152, -0.573577, 8.74228e-08, -0.573577, -0.819152, -4.92689e-07, 11.8186, 9.563 )

[node name="Platform5" parent="Platforms" instance=ExtResource( 2 )]
transform = Transform( -1, -6.18173e-08, -6.18173e-08, 0, 0.707107, -0.707107, 8.74228e-08, -0.707107, -0.707107, -1.15387e-06, 5.47662, 2 )

[node name="TrampolinePlatform3" parent="Platforms" instance=ExtResource( 4 )]
transform = Transform( 1, 0, 0, 0, -0.124918, 0.992167, 0, -0.992167, -0.124918, 0, 31.4264, 48.6205 )
