[gd_scene load_steps=5 format=2]

[ext_resource path="res://Assets/Scenes/CollectibleCube.tscn" type="PackedScene" id=1]

[sub_resource type="CubeMesh" id=1]
size = Vector3( 4, 1, 10 )

[sub_resource type="SpatialMaterial" id=2]
albedo_color = Color( 1, 0.392157, 0.694118, 1 )

[sub_resource type="BoxShape" id=3]
extents = Vector3( 2, 0.5, 5 )

[node name="Level" type="Spatial"]

[node name="Collectibles" type="Spatial" parent="."]

[node name="Collectible1" parent="Collectibles" instance=ExtResource( 1 )]
transform = Transform( 1, 0, 0, 0, 1, 0, 0, 0, 1, -5.35428, 42.6368, 6.7347 )

[node name="Collectible2" parent="Collectibles" instance=ExtResource( 1 )]
transform = Transform( 1, 0, 0, 0, 1, 0, 0, 0, 1, -5.12947, 36.2615, 20.1987 )

[node name="Collectible3" parent="Collectibles" instance=ExtResource( 1 )]
transform = Transform( 1, 0, 0, 0, 1, 0, 0, 0, 1, -3.41475, 36.3881, 34.0708 )

[node name="Collectible4" parent="Collectibles" instance=ExtResource( 1 )]
transform = Transform( 1, 0, 0, 0, 1, 0, 0, 0, 1, 3.36669, 30.969, 28.2467 )

[node name="Collectible5" parent="Collectibles" instance=ExtResource( 1 )]
transform = Transform( 1, 0, 0, 0, 1, 0, 0, 0, 1, 9.89869, 28.7776, 27.7769 )

[node name="Collectible6" parent="Collectibles" instance=ExtResource( 1 )]
transform = Transform( 1, 0, 0, 0, 1, 0, 0, 0, 1, 16.9175, 20.1392, 27.9534 )

[node name="Platforms" type="Spatial" parent="."]

[node name="Platform1" type="StaticBody" parent="Platforms"]
transform = Transform( 0.962729, -0.270466, 0, 0.220243, 0.783959, -0.580433, 0.156987, 0.5588, 0.814308, -0.218963, 43.7885, 2.3667 )
__meta__ = {
"_edit_group_": true
}

[node name="MeshInstance" type="MeshInstance" parent="Platforms/Platform1"]
transform = Transform( 1, 1.49012e-08, 0, 0, 1, 2.98023e-08, -2.98023e-08, -2.98023e-08, 1, 0, 0, 0 )
mesh = SubResource( 1 )
material/0 = SubResource( 2 )

[node name="CollisionShape" type="CollisionShape" parent="Platforms/Platform1"]
shape = SubResource( 3 )

[node name="Platform2" type="StaticBody" parent="Platforms"]
transform = Transform( 0.969988, -0.238872, 0.0454268, 0.220242, 0.783955, -0.580438, 0.103038, 0.573023, 0.813036, -5.41988, 37.792, 11.5149 )
__meta__ = {
"_edit_group_": true
}

[node name="MeshInstance" type="MeshInstance" parent="Platforms/Platform2"]
transform = Transform( 1, -1.49012e-08, 0, 3.72529e-09, 1, 0, -2.23517e-08, -5.96046e-08, 1, 0, 0, 0 )
mesh = SubResource( 1 )
material/0 = SubResource( 2 )

[node name="CollisionShape" type="CollisionShape" parent="Platforms/Platform2"]
shape = SubResource( 3 )

[node name="Platform3" type="StaticBody" parent="Platforms"]
transform = Transform( 0.969988, -0.238872, 0.0454268, 0.240986, 0.969304, -0.0487408, -0.0323895, 0.0582252, 0.997778, -4.89066, 33.6726, 21.4637 )
__meta__ = {
"_edit_group_": true
}

[node name="MeshInstance" type="MeshInstance" parent="Platforms/Platform3"]
mesh = SubResource( 1 )
material/0 = SubResource( 2 )

[node name="CollisionShape" type="CollisionShape" parent="Platforms/Platform3"]
shape = SubResource( 3 )

[node name="Platform4" type="StaticBody" parent="Platforms"]
transform = Transform( 1, 0, 0, 0, 0.866025, 0.5, 0, -0.5, 0.866025, -5.87806, 33.03, 32.254 )
__meta__ = {
"_edit_group_": true
}

[node name="MeshInstance" type="MeshInstance" parent="Platforms/Platform4"]
mesh = SubResource( 1 )
material/0 = SubResource( 2 )

[node name="CollisionShape" type="CollisionShape" parent="Platforms/Platform4"]
shape = SubResource( 3 )

[node name="Platform5" type="StaticBody" parent="Platforms"]
transform = Transform( 0.713615, 0.279121, 0.64253, -0.341883, 0.939315, -0.0283404, -0.611448, -0.199446, 0.765737, 2.96138, 29.5837, 31.2501 )
__meta__ = {
"_edit_group_": true
}

[node name="MeshInstance" type="MeshInstance" parent="Platforms/Platform5"]
mesh = SubResource( 1 )
material/0 = SubResource( 2 )

[node name="CollisionShape" type="CollisionShape" parent="Platforms/Platform5"]
shape = SubResource( 3 )

[node name="Platform6" type="StaticBody" parent="Platforms"]
transform = Transform( 0.561914, 0.429714, 0.706823, -0.584482, 0.810911, -0.0283403, -0.585349, -0.3972, 0.706823, 7.46689, 26.491, 26.4799 )
__meta__ = {
"_edit_group_": true
}

[node name="MeshInstance" type="MeshInstance" parent="Platforms/Platform6"]
mesh = SubResource( 1 )
material/0 = SubResource( 2 )

[node name="CollisionShape" type="CollisionShape" parent="Platforms/Platform6"]
shape = SubResource( 3 )
