[gd_scene load_steps=9 format=2]

[ext_resource path="res://Assets/UI/HUD.tscn" type="PackedScene" id=1]
[ext_resource path="res://Assets/Scenes/Egg.tscn" type="PackedScene" id=2]
[ext_resource path="res://Assets/Scenes/CollectibleCube.tscn" type="PackedScene" id=3]

[sub_resource type="ProceduralSky" id=6]

[sub_resource type="Environment" id=2]
background_mode = 2
background_sky = SubResource( 6 )
fog_enabled = true

[sub_resource type="CubeMesh" id=3]
size = Vector3( 4, 1, 10 )

[sub_resource type="SpatialMaterial" id=4]
albedo_color = Color( 0.133333, 0.768627, 0.694118, 1 )

[sub_resource type="BoxShape" id=5]
extents = Vector3( 2, 0.5, 5 )

[node name="World" type="Node"]

[node name="HUD" parent="." groups=[
"HUD",
] instance=ExtResource( 1 )]
editor/display_folded = true

[node name="DirectionalLight" type="DirectionalLight" parent="."]
transform = Transform( 0.664735, 0.361564, -0.653757, 0, 0.875085, 0.48397, 0.747079, -0.321712, 0.581699, -27.8824, 0, -24.7744 )
shadow_enabled = true

[node name="WorldEnvironment" type="WorldEnvironment" parent="."]
environment = SubResource( 2 )

[node name="Egg" parent="." instance=ExtResource( 2 )]
editor/display_folded = true
transform = Transform( 1, 0, 0, 0, 1, 0, 0, 0, 1, 0, 50, -30 )
mass = 20.0

[node name="Collectibles" type="Spatial" parent="."]
editor/display_folded = true

[node name="Collectible1" parent="Collectibles" instance=ExtResource( 3 )]
transform = Transform( 1, 0, 0, 0, 1, 0, 0, 0, 1, 3.62525, 44.0004, -21.3973 )

[node name="Collectible2" parent="Collectibles" instance=ExtResource( 3 )]
transform = Transform( 1, 0, 0, 0, 1, 0, 0, 0, 1, 5.08925, 36.2615, -9.8013 )

[node name="Collectible3" parent="Collectibles" instance=ExtResource( 3 )]
transform = Transform( 1, 0, 0, 0, 1, 0, 0, 0, 1, -3.41475, 30.3752, 3.1327 )

[node name="Collectible4" parent="Collectibles" instance=ExtResource( 3 )]
transform = Transform( 1, 0, 0, 0, 1, 0, 0, 0, 1, -3.32444, 27.6954, 15.1471 )

[node name="Collectible5" parent="Collectibles" instance=ExtResource( 3 )]
transform = Transform( 1, 0, 0, 0, 1, 0, 0, 0, 1, 2.18253, 25.8297, 19.8419 )

[node name="Platforms" type="Spatial" parent="."]
editor/display_folded = true

[node name="Platform1" type="StaticBody" parent="Platforms"]
editor/display_folded = true
transform = Transform( 0.934957, 0, 0.354761, 0.220242, 0.783955, -0.580438, -0.278116, 0.620818, 0.732964, 0.353112, 44.685, -27.6333 )

[node name="MeshInstance" type="MeshInstance" parent="Platforms/Platform1"]
mesh = SubResource( 3 )
material/0 = SubResource( 4 )

[node name="CollisionShape" type="CollisionShape" parent="Platforms/Platform1"]
shape = SubResource( 5 )

[node name="Platform2" type="StaticBody" parent="Platforms"]
editor/display_folded = true
transform = Transform( 0.969988, -0.238872, 0.0454268, 0.220242, 0.783955, -0.580438, 0.103038, 0.573023, 0.813036, 4.38707, 37.792, -17.1091 )

[node name="MeshInstance" type="MeshInstance" parent="Platforms/Platform2"]
mesh = SubResource( 3 )
material/0 = SubResource( 4 )

[node name="CollisionShape" type="CollisionShape" parent="Platforms/Platform2"]
shape = SubResource( 5 )

[node name="Platform3" type="StaticBody" parent="Platforms"]
editor/display_folded = true
transform = Transform( 0.969988, -0.238872, 0.0454268, 0.240986, 0.969304, -0.0487408, -0.0323895, 0.0582252, 0.997778, 4.38707, 33.6726, -5.74234 )

[node name="MeshInstance" type="MeshInstance" parent="Platforms/Platform3"]
mesh = SubResource( 3 )
material/0 = SubResource( 4 )

[node name="CollisionShape" type="CollisionShape" parent="Platforms/Platform3"]
shape = SubResource( 5 )

[node name="Platform4" type="StaticBody" parent="Platforms"]
editor/display_folded = true
transform = Transform( 0.621695, -0.470012, -0.626565, 0.584489, 0.810906, -0.0283469, 0.521409, -0.348597, 0.778853, 4.38707, 33.0296, 6.37147 )

[node name="MeshInstance" type="MeshInstance" parent="Platforms/Platform4"]
mesh = SubResource( 3 )
material/0 = SubResource( 4 )

[node name="CollisionShape" type="CollisionShape" parent="Platforms/Platform4"]
shape = SubResource( 5 )

[node name="Platform5" type="StaticBody" parent="Platforms"]
editor/display_folded = true
transform = Transform( 0.642473, 0.441179, -0.62657, -0.584482, 0.810911, -0.0283404, 0.495589, 0.384427, 0.77885, -6.64919, 28.8682, 4.5065 )

[node name="MeshInstance" type="MeshInstance" parent="Platforms/Platform5"]
mesh = SubResource( 3 )
material/0 = SubResource( 4 )

[node name="CollisionShape" type="CollisionShape" parent="Platforms/Platform5"]
shape = SubResource( 5 )

[node name="Platform6" type="StaticBody" parent="Platforms"]
editor/display_folded = true
transform = Transform( 0.561914, 0.429714, 0.706823, -0.584482, 0.810911, -0.0283403, -0.585349, -0.3972, 0.706823, -5.03266, 26.491, 15.3383 )

[node name="MeshInstance" type="MeshInstance" parent="Platforms/Platform6"]
mesh = SubResource( 3 )
material/0 = SubResource( 4 )

[node name="CollisionShape" type="CollisionShape" parent="Platforms/Platform6"]
shape = SubResource( 5 )

[editable path="HUD"]

[editable path="Egg"]
